mouse = 'i1403';

dates = [191103; 191105; 191106; 191107; 191108; 191110; 191111; 191112; 191113; 191114;...
    191115; 191130; 191202; 191203; 191204; 191205];
trials = {[1 200]; []; []; []; [1 250]; [50 250]; []; []; [1 200]; [1 225];...
    [1 125]; []; []; []; []; []};


% Note: this is just a test, 1403 is still at a stimOn time above .5s