mouse = 'i410';
dates = [190105
190107
190108
190109];
trials = {[1 150];
[1 150];
[25 275];
[];};