mouse = 'i410';

%Add dates starting at (180822; 180823; 180824; 180826;)

dates = [180822; 180823; 180824; 180826; 180827; 180828; 180829; 190105; 190107; 190108; 190109];

trials = {[]; []; []; []; []; []; []; []; [1 150]; [1 150]; [25 275]; [];};

pow_use = [];