mouse = 'i414';

%Add dates starting at 180807 {'180807-1040';'180809-1106';'180813-0947';'180814-1029';'180815-0945';
%'180817-1016';'180827-1001';'180828-1109';'180831-1027';'180904-1056'}()

dates = [180807; 180809; 180813; 180814; 180815; 180817; 180827; 180831; 180904; 180905; 180912; 180929;...
    180930; 181001; 181003; 181005; 181007; 181010; 181015; 181016; 181017; 181019; 181026; 181102];

trials = {[1 225]; [1 275]; [1 200]; [1 200]; []; []; [1 200]; [1 250]; [1 200]; [1 300]; [1 225]; [];...
    []; []; [1 225]; [1 175]; [1 175]; []; []; []; []; []; []; []};

pow_use = [];

mat_use{1} = 2;
mat_use{6} = 2;
mat_use{20} = 2;