mouse = 'i419';

%dates = [181120; 181126; 181127; 181128; 181129; 181130; 181203; 181204;
% 181207; 181210; 181211; 181212; 181214]

% trials = {[1 100]; [1 180]; [25 100]; [1 250]; [1 200]; [1 175]; [1 200]; [1 200]; [1 150]; [1 100]; [1 200]; [1 150]; [1 200];};



dates = [181126; 181129; 181130; 181203; 181204; 181207; 181210; 181212; 181213; 181214; 181217; 181218;...
    190101; 190102; 190103; 190104; 190105; 190107; 190108; 190110; 190111; 190114; 190118;...
    190124; 190125; 190205; 190206; 190209];



trials = {[]; []; []; [1 200]; [1 150]; [1 100]; []; []; []; []; [1 175]; [1 100];...
    []; [125 215]; []; [1 175]; [50 250]; [1 250]; [1 225]; [1 100]; []; [1 100]; [1 100];...
    []; [1 200]; [1 200]; [1 250]; []};

pow_use = [];