mouse = 'i441';
% V1 dates
% dates = [190124; 190125; 190126; 190128; 190129; 190130; 190131; 190201; 190207; 190212; 190213; 190215; 190219; 190221; 190222; 190225; 190226];
% trials = {[1 225]; [];[50 270]; []; [50 250]; [15 250]; []; []; []; [50 200]; [1 150]; []; [1 125]; []; [1 170]; [1 200]; [1 150]};
% LM dates
dates = [190227; 190228; 190301; 190304; 190305; 190306; 190307; 190308; 190313; 190319; 190325; 190326; 190327; 190328; 190329; 190401; 190402; 190403; 190404; 190408; 190410; 190422; 190423; 190503; 190506];
trials = {[1 100]; [1 100]; [1 100]; [1 100]; [1 100]; [1 100]; [1 100]; [1 100]; [150 280]; [1 200]; [1 150]; [1 200]; [1 100]; [200 250]; []; [1 150]; [100 279]; []; [1 150]; [1 220]; [1 125]; [1 175]; []; [200 246]; [200 263]};
   