mouse = 'i442';
dates = [190104; 190105; 190107; 190108; 190109; 190110; 190111; 190114; 190115; 190116; 190117; 190118;...
190119; 190121; 190122; 190123; 190124; 190125; 190126; 190128; 190129; 190130; 190131; 190201; 190202; 190319; 190320; 190322; 190325; 190326; 190327; 190328; 190329; 190402; 190403; 190404; 190405; 190409; 190411; 190412; 190415; 190416; 190417; 190419; 190422; 190430; 190501; 190503; 190507];
trials = {[1 225]; [1 300]; [1 150]; [10 270]; [20 200]; [1 200]; [1 200]; [1 150]; [1 100]; [100 300]; [1 250]; [1 150];...
[1 200]; [1 200]; [1 120]; [50 250]; []; []; []; []; []; [1 250]; []; [50 200]; [70 205]; [1 250]; [1 125]; [1 230]; [200 250]; [1 270]; []; [1 225]; [1 100]; []; []; [1 120]; []; []; [1 100]; [1 100]; [200 260]; [150 200]; [1 50]; [1 150]; []; [100 305]; [1 125]; []; [1 100]};
mat_use = {[]; []; [2]; []; []; []; []; []; []; []; []; [];...
[]; []; []; []; []; []; []; []; []; [2]; []; []; []; []; []; []; []; []; []; []; []; []; []; []; []; []; []; []; []; [1]; []; []; []; []; []; []; []};