mouse = 'i442';
dates = [190104; 190105; 190107; 190108; 190109; 190110; 190111; 190114; 190115; 190116; 190117; 190118;...
190119; 190121; 190122; 190123; 190124; 190125; 190126; 190128; 190129; 190130; 190131; 190201; 190202];
trials = {[1 225]; [1 300]; [1 150]; [10 270]; [20 200]; [1 200]; [1 200]; [1 150]; [1 100]; [100 300]; [1 250];...
[1 200]; [1 200]; [1 120]; [50 250]; []; []; []; []; []; [1 250]; []; [50 200]; [70 205]; [1 250]};
mat_use = {[]; []; [2]; []; []; []; []; []; []; []; [];...
[]; []; []; []; []; []; []; []; []; []; [2]; []; []; []};