mouse = 'i443';
dates = [190109; 190110; 190111; 190220; 190225; 190226; 190227; 190228; 190301; 190302];
trials = {[1 175]; [1 100]; [1 200]; []; [1 215]; []; [1 200]; [1 125]; [125 239]; [25 150]};  
mat_use = {[],[],[],[],[],[],[],[],[],2};