mouse = 'i443';
dates = [190109; 190110; 190111; 190220; 190225; 190226; 190227; 190228; 190301; 190302; 190404; 190405; 190409; 190410; 190412; 190417; 190418; 190424; 190429; 190430; 190502; 190503; 190506; 190507; 190508; 190509];
trials = {[1 175]; [1 100]; [1 200]; []; [1 215]; []; [1 200]; [1 125]; [125 239]; [25 150]; []; [1 220]; [1 50]; [25 125]; [1 125]; [150 250]; []; [1 30]; [1 75]; [1 75]; [100 175]; []; [75 200];[];[1 50];[]};  
mat_use = {[];[];[];[];[];[];[];[];[];[2];[];[];[];[2];[];[3];;[];[2];[];[];[];[];[];[];[];[]};