mouse = 'i446';

dates = [190917; 190918; 190919; 190920; 190923; 190924; 190928; 190930; 191001; 191002;...
    191003; 191004; 191005; 191007; 191008; 191009; 191010; 191011; 191012; 191014;...
    191015; 191016; 191017; 191018; 191019; 191021; 191022; 191023; 191024; 191025;...
    191026; 191028; 191029];
trials = {[1 150]; [1 200]; [1 175]; [1 200]; [1 225]; []; []; [1 200]; []; [1 225];...
    []; []; [1 250]; [1 225]; [1 225]; []; []; [1 250]; []; [];...
    [1 250]; [1 225]; [1 225]; []; []; []; []; []; []; [];...
    []; []; []};

% added 5th level on 191009
% s calculation for 191022 seems very low? (0.83, PDF says 1)
% biases of 0.1 don't plot even though code says <= ?