mouse = 'i459';

dates = [190826; 190909; 190910; 190911; 190912; 190913; 190914; 190916; 190918; 190919;...
    190920; 190923; 190930; 191001; 191003; 191007; 191019; 191021; 191024; 191025;...
    191028; 191029; 191031; 191101; 191103; 191107; 191110; 191111; 191205; 191206;...
    191211; 191212; 191213; 200303; 200304; 200305; 200316; 200330; 200331; 200401;...
    200402; 200403; 200406; 200407; 200408];
trials = {[1 150]; [1 250]; [1 200]; [1 150]; [1 150]; [1 225]; []; []; []; [];...
    []; [1 150]; []; []; []; [1 200]; [1 200]; []; []; [];...
    []; []; []; []; []; []; []; [1 225]; []; [];...
    [1 200]; [1 200]; [1 200]; []; []; [1 100]; [1 100]; []; [1 175]; [1 200];...
    [1 125]; [1 125]; []; [1 150]; [1 100]};

pow_use = [];
mat_use{18} = 2;
mat_use{25} = 2;
mat_use{28} = 2;

% laser off for 191008 through 191017
% laser turned off + fb turned on on 191120, back to normal settings on
%   191204
% laser off 1/27 - 2/8
