mouse = 'i460';

dates =  [190824; 190826; 190827; 190909; 190910; 190911; 190912; 190913; 190914; 190916;...
    190918; 190919; 190920; 190923; 190924; 190926; 190928; 190930; 191001; 191002;...
    191003; 191005; 191007; 191008; 191010; 191011; 191012; 191015; 191016; 191017;...
    191018; 191021; 191022; 191024; 191028; 191029; 191030; 191031; 191101; 191103;...
    191104; 191105; 191106; 191107; 191108; 191110; 191111; 191112; 191113; 191114;...
    191115; 191116; 191118; 191126; 191127; 191129; 191130; 191202; 191203; 191204;...
    191205; 191206; 191207; 191209; 191210; 191211; 191212; 191213; 191218; 191220;...
    191221; 200115; 200116; 200117; 200118; 200120; 200121; 200122; 200123; 200124];
   

trials = {[]; []; []; []; []; []; []; []; []; [];...
    []; []; []; []; []; [100 263]; []; []; []; [1 200];...
    []; []; []; []; []; []; []; []; []; [];...
    []; [75 250]; []; []; []; [1 225]; []; []; []; [1 240];...
    []; []; []; []; []; [1 250]; []; []; []; [];...
    [1 175]; []; []; [1 200]; [1 300]; []; []; []; []; [];...
    []; []; []; []; []; [1 270]; [75 261]; []; []; [];...
    [1 200]; [1 150]; [1 200]; [1 250]; [1 200]; [1 150]; []; [1 250]; [1 200]; [1 300];};
   
    

pow_use = [];
mat_use{13} = 2;
mat_use{27} = 2;
mat_use{30} = 2;
mat_use{49} = 2;
mat_use{53} = 2;

% turned fb on on 191119, off on 191126