mouse = 'i461';

dates = [191115; 191116; 191118; 191119; 191120; 191122; 191123; 191125; 191126; 191127;...
    191129];
trials = {[50 300]; [1 250]; []; []; []; [1 250]; [1 275]; []; []; [1 250];...
    []};

pow_use = [];