mouse = 'i461';

dates = [191115; 191116; 191118; 191119; 191120; 191122; 191123; 191125; 191126; 191127;...
    191129; 200208; 200210; 200212; 200214; 200217; 200218; 200220; 200221; 200225;...
    200226; 200227; 200302; 200304; 200305; 200309; 200307; 200310; 200312; 200313;...
    200318; 200320; 200327; 200401; 200402; 200403; 200405; 200409;];

trials = {[50 300]; [1 250]; []; []; []; [1 236]; [1 275]; []; []; [1 250];...
    []; [50 250]; [1 120]; [1 100]; [1 175]; [1 200]; [1 150]; [1 225]; [1 200]; [1 150];...
    [1 215]; [1 300]; [1 150]; [1 125]; [1 250]; [1 100]; [1 300]; [1 150]; [1 225]; [1 150];...
    [1 304]; [1 215]; [1 250]; [1 325]; [1 225]; []; [1 175]; []};

% mat_use = {[]; []; []; []; []; []; []; []; []; [];...
%     []; []; []; []; []; []; []; []; []; [];...
%     []; []; []; []; []; []; []; []; []; []; []};

pow_use = [];