mouse = 'i461';

dates = [191115; 191116; 191118; 191119; 191120; 191122; 191123; 191125; 191126; 191127;...
    191129; 200208; 200210; 200212; 200214; 200217; 200218; 200220; 200221];
trials = {[50 300]; [1 250]; []; []; []; [1 250]; [1 275]; []; []; [1 250];...
    []; [50 250]; [1 120]; [1 100]; [1 175]; [1 200]; [1 150]; [1 225]; [1 200]};

mat_use = {[]; []; []; []; []; []; []; []; []; [];...
    []; []; []; []; []; []; []; []; []};
pow_use = [];