mouse = 'i462';

dates = [191001; 191002; 191003; 191004; 191007; 191008; 191009; 191012; 191015; 191016;...
    191017; 191018; 191019; 191021; 191022; 191023; 191024; 191025; 191026; 191028;...
    191029; 191030; 191031; 191103; 191104; 191107; 191108; 191110; 191118];
trials = {[]; [1 175];[]; []; []; []; []; []; []; [];...
    []; [1 130]; []; [1 170]; []; []; []; []; []; [];...
    []; []; []; []; []; []; []; [1 175]; []};

pow_use = [];
mat_use{10} = 2;
mat_use{17} = 2;

% noticed slight discoloration on brain on 191026, severe by 191029
% turned fb on on 191119, died following day