mouse = 'i463';

dates = [191116; 191118; 191119; 191120; 191121; 191130; 191203; 191204; 191205; 191206;...
    191207; 191209; 191210; 191211; 191212; 191214; 191216; 191217; 191218; 191219;...
    191220; 191221; 191230; 191231; 200102; 200103];
trials = {[]; []; []; []; [100 280]; [1 200]; []; []; [1 250]; [];...
    []; [60 281]; []; []; []; [50 270]; []; []; []; [];...
    []; [100 300]; [1 200]; [1 200]; [1 250]; []};

pow_use = [];
