mouse = 'i464';

dates = [200331; 200401; 200406; 200408];
trials = {[1 291]; [1 275]; [1 250]; []};

pow_use = [];