mouse = 'i474';


dates = [210318; 210323; 210330; 210401; 210406; 210407; 210421; 210423];

trials = {[20 150]; [20 200]; [20 150]; [20 200]; []; []; []; [1 100]};

pow_use = [];