mouse = 'i475';

% start 2P 201016; grating ecc 10deg on 201022; Stim on time 1500-2000ms

dates =  [201103; 201104; 201105; 201109; 201116; 201117; 201118;...
    201123; 201209; 201210; 201215; 201216];
   

trials = {[]; []; []; []; []; []; []; []; []; []; []; []};
   
    

pow_use = [];
mat_use{1} = 1;
mat_use{2} = 1;
mat_use{3} = 1;
mat_use{4} = 1;
mat_use{5} = 1;
mat_use{6} = 1;
mat_use{7} = 1;
mat_use{8} = 1;
mat_use{9} = 1;
mat_use{10} = 1;
mat_use{11} = 1;
mat_use{12} = 1;

