mouse = 'i496';


dates = [211128; 211129; 211202; 211203; 211206; 211207; 211208; 211210; 211215; 211216; 211217; 211220; 211221; 211222; 211228; 211230; 220103; ...
    220110; 220111; 220119; 220125; 220126; 220131; 220204; 220210; 220217; 220225; 220309; 220310; 220311; 220312; 220316; 220317; 220318; 220319;...
    220321; 220324; 220330; 220331; 220404; 220405; 220406; 220407; 220412; 220413; ];

trials = {[]; [20 150]; []; []; [20 150]; [20 150]; []; []; [20 150]; []; []; [20 150]; []; []; [20 150]; [20 150]; [20 150]; ...
    [20 100]; []; []; [20 200]; [20 150]; [20 100]; [20 150]; [20 150]; []; [20 150]; []; [20 150]; []; []; []; []; []; [];...
    []; []; []; []; [20 150]; []; []; [20 120]; [20 120]; []; };

pow_use = [];

mat_use{21} = 2;