mouse = 'i547';

%Add dates {'170420-1408';'170421-1241';'170424-1300';'170426-1243';'170427-1343';'170428-1308'}

%(4/13/20 Reference to non-existent field 'doContrastDiscrim'.
%Error in plot2AFCProbRight (line 58)
%            if input.doContrastDiscrim
%

% dates = [170420; 170421; 170424; 170426; 170427; 170428; ];

dates = [ 170424; 170426; 170427; 170428; ];
trials = {[]; []; []; []; []; [1 175]; };

pow_use = [];
