mouse = 'i548';

% Index exceeds array bounds in wMeanRatios (for contrast bins)

%Add dates {'170628-1320';'170703-1302';'170705-1254';'170706-1343';'170709-1231';
% '170710-1333';'170711-1339';'170712-1303';'170713-1322';'170714-1317';'170716-1302';
% '170719-1302';'170720-1318';'170721-1313';'170725-1312';'170726-1259';'170727-1306';
% '170728-1326';'170730-1237';'170731-1329';'170801-1327';'170802-1313';'170803-1328';
% '170804-1326';'170806-1344';'170807-1335';'170808-1343';'170809-1326';'170810-1355';
% '170811-1253';'170813-1423';'170814-1320';'170815-1347';'170816-1256';'170818-1311'}

dates = [170628; 170702; 170703; 170705;   ];

trials = {[]; []; []; []; };

pow_use = [];
