mouse = 'i578';

% add dates
% {'180506-1620';'180509-1348';'180510-1412';'180512-1514';'180514-1412'}
% @ 29

dates = [180506; 180508; 180509; 180510; 180512; 180514; 180518; 180520; 180521; 180523; 180525; 180529; 180531;...
    180601; 180604; 180605; 180606; 180607; ];
trials = {[]; [1 150]; []; [1 275]; [1 375]; [1 200]; []; []; []; []; []; []; [];...
    []; []; []; []; [];};

pow_use = [];
mat_use{1} = 2;
mat_use{5} = 2;
mat_use{6} = 2;
mat_use{10} = 2;