mouse = 'i581';

% add dates {'180325-1539';'180327-1553';'180328-1355';'180329-1315';'180331-1707';'180402-1351';
%    '180403-1437';'180404-1353';'180405-1514';'180406-1417';'180407-1402'}

dates = [180325; 180326; 180327; 180328; 180329; 180331; 180402; 180403; 180404;...
    180405; 180406; 180407;];
trials = {[]; [1 300]; []; []; [1 300]; []; []; []; [];...
    []; [1 250]; [];  };

pow_use = [];
%mat_use{} = 2