mouse = 'i582';

% add dates {'180116-1622';'180121-1435';'180122-1550';'180123-1558';'180124-1508';
%'180125-1629';'180128-1550';'180129-1413';'180130-1610';'180131-1444'}

%@ 180201

dates = [180116; 180118; 180121; 180122; 180123; 180124; 180125; 180126; 180129; 180130; 180131;...
    180201; 180203; 180205; 180206; 180222; 180223; 180313;   ];
trials = {[]; [1 225]; [1 225]; [1 325]; [1 300]; [1 200]; [1 225]; [1 200]; [1 200]; [1 250]; [1 275];...
    [1 250]; [20 150]; [1 200]; [1 125]; [1 150]; [1 125]; [1 275];  };

pow_use = [];
mat_use{6} = 2;