mouse = 'i591';

% add dates {'180306-1531';'180308-1523';'180309-1503';'180311-1605';'180312-1500';
%'180315-1512';'180318-1458';'180319-1442';'180326-1548';'180327-1556'}

dates = [180306; 180308; 180309; 180311; 180312; 180315; 180318; 180319; 180326; 180327;];
trials = {[]; []; []; []; []; []; []; []; []; [];};

pow_use = [];
mat_use{9} = 2;