mouse = 'i592';

% add dates {{'180305-1343';'180306-1402';'180308-1348';'180313-1342';'180314-1243';'180315-1345';'180320-1658';'180327-1416'}}

dates = [180305; 180306; 180308; 180313; 180314; 180315; 180320; 180327];

trials = {[]; []; []; []; []; []; [1 350]; [];};

pow_use = [];
%mat_use{} = 2;
