mouse = 'i593';

% add dates {'180430-1316';'180503-1359';'180504-1424';'180506-1357';'180507-1406';'180508-1433';'180509-1502'}

dates = [180430; 180503; 180504; 180506; 180507; 180508; 180509; 180511; ];

trials = {[]; []; []; []; []; []; []; [];};

pow_use = [];
%mat_use{} = 2;