mouse = 'i600';
% %Contrast Discrimination- V1 ChR2
% dates = [181230; 181231; 190102; 190103; 190105; 190107; 190108; 190109; 190110; 190111; 190502; 190503; 190506;...
%     190509; 190513; 190515; 190516; 190517; 190518; 190520; 190521; 190522; 190523; 190529; 190531];
% trials = {[250 319]; [100 225]; [100 250]; [100 300]; [125 300]; [50 210]; [50 200]; [1 140]; [1 200]; [100 250];...
%     [1 200]; [1 175]; []; [225 342]; [100 300]; [1 300]; []; []; [100 300]; []; []; [50 300]; [50 250]; [200 250]; [1 175];};
% mat_use = cell(1,size(trials,1)); 
% mat_use{6} = 2;

%Random Contrast
dates = [];
trials = {[]};