mouse = 'i600';
dates = [181230
181231
190102
190103
190105
190107
190108
190109
190110
190111];
trials = {[250 319];
[100 225];
[100 250];
[100 300];
[125 300];
[50 210];
[50 200];
[1 140];
[1 200];
[100 250];
};
